%%%%%%%%%%%%%%%%%%%%%%%%%%%%%%%%%%%%%%%%%%%%%%%%%%%%%%%%%%%%%%%%%%%%%%%%%%%%%%%%%%
%
% MIT License
%
% Copyright (c) 2016 Microsoft
%
% Permission is hereby granted, free of charge, to any person obtaining a copy
% of this software and associated documentation files (the "Software"), to deal
% in the Software without restriction, including without limitation the rights
% to use, copy, modify, merge, publish, distribute, sublicense, and/or sell
% copies of the Software, and to permit persons to whom the Software is
% furnished to do so, subject to the following conditions:
%
% The above copyright notice and this permission notice shall be included in
% all copies or substantial portions of the Software.
%
% THE SOFTWARE IS PROVIDED "AS IS", WITHOUT WARRANTY OF ANY KIND, EXPRESS OR
% IMPLIED, INCLUDING BUT NOT LIMITED TO THE WARRANTIES OF MERCHANTABILITY,
% FITNESS FOR A PARTICULAR PURPOSE AND NONINFRINGEMENT. IN NO EVENT SHALL THE
% AUTHORS OR COPYRIGHT HOLDERS BE LIABLE FOR ANY CLAIM, DAMAGES OR OTHER
% LIABILITY, WHETHER IN AN ACTION OF CONTRACT, TORT OR OTHERWISE, ARISING FROM,
% OUT OF OR IN CONNECTION WITH THE SOFTWARE OR THE USE OR OTHER DEALINGS IN
% THE SOFTWARE.
%
%%%%%%%%%%%%%%%%%%%%%%%%%%%%%%%%%%%%%%%%%%%%%%%%%%%%%%%%%%%%%%%%%%%%%%%%%%%%%%%%%%

function table = tbs_table()
    % TODO: 36.213 Table 7.1.7.2.1-1    
    table = [16 32 56;24 56 88;32 72 144;40 104 176;56 120 208;72 144 224;328 176 256;104 224 328;120 256 392;136 296 456;...
             144 328 504; 176 376 584; 208 440 680; 224 488 744; 256 552 840; 280 600 904; 328 632 968; 336 696 1064;...
             376 776 1160; 408 840 1288; 440 904 1384; 488 1000 1480; 520 1064 1608; 552 1128 1736; 584 1192 1800;...
             616 1256 1864; 712 1480 2216];
    
    
%%% Create TBS table, specified by Table 7.1.7.2.1-1 in 36.213 (page 41)
A0 = [-1 1 2 3 4 5 6 7 8 9 10; ...
0 16 32 56 88 120 152 176 208 224 256; ...
1 24 56 88 144 176 208 224 256 328 344; ...
2 32 72 144 176 208 256 296 328 376 424; ...
3 40 104 176 208 256 328 392 440 504 568; ...
4 56 120 208 256 328 408 488 552 632 696; ...
5 72 144 224 328 424 504 600 680 776 872; ...
6 328 176 256 392 504 600 712 808 936 1032; ...
7 104 224 328 472 584 712 840 968 1096 1224; ...
8 120 256 392 536 680 808 968 1096 1256 1384; ...
9 136 296 456 616 776 936 1096 1256 1416 1544; ...
10 144 328 504 680 872 1032 1224 1384 1544 1736; ...
11 176 376 584 776 1000 1192 1384 1608 1800 2024; ...
12 208 440 680 904 1128 1352 1608 1800 2024 2280; ...
13 224 488 744 1000 1256 1544 1800 2024 2280 2536; ...
14 256 552 840 1128 1416 1736 1992 2280 2600 2856; ...
15 280 600 904 1224 1544 1800 2152 2472 2728 3112; ...
16 328 632 968 1288 1608 1928 2280 2600 2984 3240; ...
17 336 696 1064 1416 1800 2152 2536 2856 3240 3624; ...
18 376 776 1160 1544 1992 2344 2792 3112 3624 4008; ...
19 408 840 1288 1736 2152 2600 2984 3496 3880 4264; ...
20 440 904 1384 1864 2344 2792 3240 3752 4136 4584; ...
21 488 1000 1480 1992 2472 2984 3496 4008 4584 4968; ...
22 520 1064 1608 2152 2664 3240 3752 4264 4776 5352; ...
23 552 1128 1736 2280 2856 3496 4008 4584 5160 5736; ...
24 584 1192 1800 2408 2984 3624 4264 4968 5544 5992; ...
25 616 1256 1864 2536 3112 3752 4392 5160 5736 6200; ...
26 712 1480 2216 2984 3752 4392 5160 5992 6712 7480];



A1 = [-1 11 12 13 14 15 16 17 18 19 20; ...
0 288 328 344 376 392 424 456 488 504 536; ...
1 376 424 456 488 520 568 600 632 680 712; ...
2 472 520 568 616 648 696 744 776 840 872; ...
3 616 680 744 808 872 904 968 1032 1096 1160; ...
4 776 840 904 1000 1064 1128 1192 1288 1352 1416; ...
5 968 1032 1128 1224 1320 1384 1480 1544 1672 1736; ...
6 1128 1224 1352 1480 1544 1672 1736 1864 1992 2088; ...
7 1320 1480 1608 1672 1800 1928 2088 2216 2344 2472; ...
8 1544 1672 1800 1928 2088 2216 2344 2536 2664 2792; ...
9 1736 1864 2024 2216 2344 2536 2664 2856 2984 3112; ...
10 1928 2088 2280 2472 2664 2792 2984 3112 3368 3496; ...
11 2216 2408 2600 2792 2984 3240 3496 3624 3880 4008; ...
12 2472 2728 2984 3240 3368 3624 3880 4136 4392 4584; ...
13 2856 3112 3368 3624 3880 4136 4392 4584 4968 5160; ...
14 3112 3496 3752 4008 4264 4584 4968 5160 5544 5736; ...
15 3368 3624 4008 4264 4584 4968 5160 5544 5736 6200; ...
16 3624 3880 4264 4584 4968 5160 5544 5992 6200 6456; ...
17 4008 4392 4776 5160 5352 5736 6200 6456 6712 7224; ...
18 4392 4776 5160 5544 5992 6200 6712 7224 7480 7992; ...
19 4776 5160 5544 5992 6456 6968 7224 7736 8248 8504; ...
20 5160 5544 5992 6456 6968 7480 7992 8248 8760 9144; ...
21 5544 5992 6456 6968 7480 7992 8504 9144 9528 9912; ...
22 5992 6456 6968 7480 7992 8504 9144 9528 10296 10680; ...
23 6200 6968 7480 7992 8504 9144 9912 10296 11064 11448; ...
24 6712 7224 7992 8504 9144 9912 10296 11064 11448 12216; ...
25 6968 7480 8248 8760 9528 10296 10680 11448 12216 12576; ...
26 8248 8760 9528 10296 11064 11832 12576 13536 14112 14688];


A2 = [-1 21 22 23 24 25 26 27 28 29 30; ...
0 568 600 616 648 680 712 744 776 776 808; ...
1 744 776 808 872 904 936 968 1000 1032 1064; ...
2 936 968 1000 1064 1096 1160 1192 1256 1288 1320; ...
3 1224 1256 1320 1384 1416 1480 1544 1608 1672 1736; ...
4 1480 1544 1608 1736 1800 1864 1928 1992 2088 2152; ...
5 1864 1928 2024 2088 2216 2280 2344 2472 2536 2664; ...
6 2216 2280 2408 2472 2600 2728 2792 2984 2984 3112; ...
7 2536 2664 2792 2984 3112 3240 3368 3368 3496 3624; ...
8 2984 3112 3240 3368 3496 3624 3752 3880 4008 4264; ...
9 3368 3496 3624 3752 4008 4136 4264 4392 4584 4776; ...
10 3752 3880 4008 4264 4392 4584 4776 4968 5160 5352; ...
11 4264 4392 4584 4776 4968 5352 5544 5736 5992 5992; ...
12 4776 4968 5352 5544 5736 5992 6200 6456 6712 6712; ...
13 5352 5736 5992 6200 6456 6712 6968 7224 7480 7736; ...
14 5992 6200 6456 6968 7224 7480 7736 7992 8248 8504; ...
15 6456 6712 6968 7224 7736 7992 8248 8504 8760 9144; ...
16 6712 7224 7480 7736 7992 8504 8760 9144 9528 9912; ...
17 7480 7992 8248 8760 9144 9528 9912 10296 10296 10680; ...
18 8248 8760 9144 9528 9912 10296 10680 11064 11448 11832; ...
19 9144 9528 9912 10296 10680 11064 11448 12216 12576 12960; ...
20 9912 10296 10680 11064 11448 12216 12576 12960 13536 14112; ...
21 10680 11064 11448 12216 12576 12960 13536 14112 14688 15264; ...
22 11448 11832 12576 12960 13536 14112 14688 15264 15840 16416; ...
23 12216 12576 12960 13536 14112 14688 15264 15840 16416 16992; ...
24 12960 13536 14112 14688 15264 15840 16416 16992 17568 18336; ...
25 13536 14112 14688 15264 15840 16416 16992 17568 18336 19080; ...
26 15264 16416 16992 17568 18336 19080 19848 20616 21384 22152];

      
